100.0000	542.6695
100.0500	480.7041
100.1000	541.9571
100.1500	496.3896
100.2000	517.3426
100.2500	474.6263
100.3000	512.7034
100.3500	489.5591
100.4000	482.4175
100.4500	500.3472
100.5000	508.0396
100.5500	532.8502
100.6000	491.6348
100.6500	471.6320
100.7000	533.5743
100.7500	514.1205
100.8000	506.7076
100.8500	475.4443
100.9000	484.5417
100.9500	483.1083
101.0000	463.4662
101.0500	490.5701
101.1000	514.1370
101.1500	553.3461
101.2000	493.1193
101.2500	526.1371
101.3000	500.1434
101.3500	517.7156
101.4000	475.3562
101.4500	495.3251
101.5000	517.9819
101.5500	492.3917
101.6000	505.7143
101.6500	493.8390
101.7000	510.0643
101.7500	524.1998
101.8000	490.4756
101.8500	506.8352
101.9000	512.7411
101.9500	497.4693
102.0000	493.4964
102.0500	492.9984
102.1000	533.6637
102.1500	468.0048
102.2000	511.9184
102.2500	476.5319
102.3000	496.2748
102.3500	478.5828
102.4000	508.4334
102.4500	502.3488
102.5000	460.8616
102.5500	513.7409
102.6000	553.0911
102.6500	509.2659
102.7000	482.9296
102.7500	532.5717
102.8000	481.3880
102.8500	476.3038
102.9000	560.7640
102.9500	511.8974
103.0000	470.2752
103.0500	527.9578
103.1000	500.9449
103.1500	546.8218
103.2000	541.3343
103.2500	472.6674
103.3000	497.4720
103.3500	531.3674
103.4000	510.1809
103.4500	462.4840
103.5000	461.5721
103.5500	488.0561
103.6000	487.7552
103.6500	539.4990
103.7000	534.2229
103.7500	478.0552
103.8000	546.2292
103.8500	522.3951
103.9000	487.2291
103.9500	534.6306
104.0000	528.6996
104.0500	474.3585
104.1000	488.4758
104.1500	531.1580
104.2000	518.3030
104.2500	477.5338
104.3000	489.5687
104.3500	485.7773
104.4000	554.2547
104.4500	505.9356
104.5000	515.1762
104.5500	503.4102
104.6000	525.5070
104.6500	474.5440
104.7000	448.8124
104.7500	498.7859
104.8000	536.4339
104.8500	501.9844
104.9000	548.2409
104.9500	516.9289
105.0000	528.8131
105.0500	536.4591
105.1000	491.9940
105.1500	486.0235
105.2000	507.2776
105.2500	530.2718
105.3000	494.6791
105.3500	469.5011
105.4000	537.0840
105.4500	507.3499
105.5000	541.5657
105.5500	486.6909
105.6000	489.1996
105.6500	513.9101
105.7000	499.8090
105.7500	504.4874
105.8000	498.5566
105.8500	533.1596
105.9000	468.2436
105.9500	479.9424
106.0000	480.9638
106.0500	568.4181
106.1000	541.2342
106.1500	481.9468
106.2000	526.8718
106.2500	470.2088
106.3000	486.1232
106.3500	582.7126
106.4000	543.4461
106.4500	532.2523
106.5000	526.7232
106.5500	527.4039
106.6000	608.3852
106.6500	617.4491
106.7000	699.4062
106.7500	689.1695
106.8000	790.6910
106.8500	855.8733
106.9000	928.1854
106.9500	1141.3656
107.0000	1244.3769
107.0500	1479.9775
107.1000	1668.6898
107.1500	1962.1450
107.2000	2167.0060
107.2500	2548.1641
107.3000	2939.4229
107.3500	3362.0459
107.4000	3799.4987
107.4500	4179.5792
107.5000	4597.5764
107.5500	5080.9957
107.6000	5547.9511
107.6500	5973.1909
107.7000	6336.4420
107.7500	6711.6964
107.8000	6996.8720
107.8500	7154.7975
107.9000	7270.7282
107.9500	7330.2164
108.0000	7330.1978
108.0500	7141.1218
108.1000	6982.5815
108.1500	6657.3057
108.2000	6355.8898
108.2500	5984.0229
108.3000	5576.7679
108.3500	5085.8215
108.4000	4691.9663
108.4500	4189.2939
108.5000	3728.8687
108.5500	3374.8861
108.6000	2951.6835
108.6500	2574.4324
108.7000	2228.3501
108.7500	1893.5447
108.8000	1675.8736
108.8500	1482.6542
108.9000	1267.1457
108.9500	1107.5267
109.0000	970.2108
109.0500	915.0192
109.1000	775.0635
109.1500	696.9797
109.2000	621.2578
109.2500	582.9291
109.3000	657.6174
109.3500	601.7482
109.4000	545.7586
109.4500	537.6018
109.5000	534.9695
109.5500	476.0201
109.6000	537.7370
109.6500	519.9778
109.7000	532.5536
109.7500	448.2758
109.8000	533.2290
109.8500	519.1446
109.9000	511.2218
109.9500	498.4488
110.0000	548.3377
110.0500	521.4442
110.1000	525.5606
110.1500	522.5821
110.2000	495.7903
110.2500	529.0850
110.3000	532.1373
110.3500	516.1562
110.4000	526.0979
110.4500	557.1209
110.5000	524.8568
110.5500	480.0555
110.6000	535.2465
110.6500	526.2845
110.7000	514.6859
110.7500	452.5319
110.8000	523.4383
110.8500	509.5828
110.9000	526.4658
110.9500	483.4245
111.0000	539.2469
111.0500	533.8981
111.1000	525.0992
111.1500	515.3174
111.2000	514.3512
111.2500	550.9356
111.3000	493.6699
111.3500	539.6734
111.4000	494.6487
111.4500	530.8521
111.5000	532.8115
111.5500	504.8105
111.6000	479.1511
111.6500	514.7076
111.7000	524.5726
111.7500	528.1355
111.8000	496.0208
111.8500	522.8997
111.9000	513.8599
111.9500	543.4158
112.0000	588.9029
112.0500	544.7728
112.1000	515.0507
112.1500	499.3587
112.2000	549.0959
112.2500	563.8771
112.3000	553.9152
112.3500	531.6128
112.4000	546.7734
112.4500	521.1894
112.5000	497.0736
112.5500	487.5268
112.6000	466.1039
112.6500	550.2347
112.7000	511.7419
112.7500	532.0089
112.8000	498.4254
112.8500	529.4777
112.9000	507.7210
112.9500	507.7171
113.0000	595.9284
113.0500	490.1563
113.1000	516.3445
113.1500	501.1636
113.2000	538.2211
113.2500	545.1206
113.3000	533.7348
113.3500	503.5468
113.4000	572.7849
113.4500	557.3925
113.5000	518.4524
113.5500	539.0155
113.6000	529.2133
113.6500	549.2019
113.7000	512.3428
113.7500	536.9022
113.8000	561.2995
113.8500	533.4074
113.9000	514.2931
113.9500	532.9084
114.0000	537.6498
114.0500	510.0219
114.1000	520.4098
114.1500	508.6736
114.2000	524.2344
114.2500	535.1643
114.3000	566.6467
114.3500	491.7110
114.4000	511.6047
114.4500	546.3119
114.5000	531.1821
114.5500	517.2489
114.6000	562.0825
114.6500	489.6988
114.7000	536.9134
114.7500	535.9816
114.8000	514.1620
114.8500	518.1351
114.9000	485.8493
114.9500	546.6928
115.0000	528.7470
115.0500	478.9728
115.1000	517.6990
115.1500	531.4146
115.2000	549.0485
115.2500	473.1780
115.3000	476.2502
115.3500	498.2510
115.4000	477.8102
115.4500	517.6138
115.5000	523.3064
115.5500	451.1397
115.6000	533.7764
115.6500	522.6465
115.7000	478.8391
115.7500	535.6422
115.8000	496.1933
115.8500	505.1344
115.9000	482.3545
115.9500	508.8760
116.0000	562.3354
116.0500	536.5005
116.1000	514.9695
116.1500	541.5286
116.2000	550.6070
116.2500	513.0760
116.3000	531.5278
116.3500	578.4797
116.4000	501.6382
116.4500	503.9703
116.5000	567.7889
116.5500	538.6508
116.6000	542.3033
116.6500	537.4920
116.7000	531.1871
116.7500	501.6091
116.8000	527.1345
116.8500	517.9070
116.9000	507.4485
116.9500	497.3470
117.0000	511.3284
117.0500	521.0640
117.1000	537.0913
117.1500	496.4655
117.2000	502.1505
117.2500	482.0537
117.3000	539.5589
117.3500	508.5881
117.4000	580.2195
117.4500	508.2806
117.5000	489.9517
117.5500	537.0605
117.6000	475.1428
117.6500	550.4982
117.7000	526.1022
117.7500	504.0551
117.8000	520.4749
117.8500	526.7676
117.9000	515.0672
117.9500	514.2494
118.0000	532.9961
118.0500	496.1101
118.1000	568.9503
118.1500	494.1459
118.2000	491.6346
118.2500	532.7246
118.3000	568.5481
118.3500	532.5028
118.4000	436.8877
118.4500	529.3424
118.5000	528.3310
118.5500	520.7471
118.6000	542.3027
118.6500	486.9766
118.7000	560.8688
118.7500	510.2534
118.8000	573.3542
118.8500	494.9646
118.9000	485.3760
118.9500	548.5000
119.0000	496.3290
119.0500	541.3614
119.1000	569.1288
119.1500	506.5637
119.2000	525.9721
119.2500	513.1893
119.3000	524.5037
119.3500	571.8478
119.4000	522.8166
119.4500	547.0408
119.5000	535.0462
119.5500	508.2250
119.6000	496.9177
119.6500	532.0615
119.7000	498.2371
119.7500	505.3000
119.8000	495.4200
119.8500	525.7728
119.9000	492.9129
119.9500	543.3781
120.0000	550.8235
120.0500	517.2093
120.1000	540.5093
120.1500	551.5898
120.2000	529.0867
120.2500	560.6004
120.3000	552.1673
120.3500	551.4347
120.4000	533.8524
120.4500	538.5379
120.5000	492.1207
120.5500	476.8709
120.6000	538.5668
120.6500	488.8880
120.7000	473.4693
120.7500	532.4630
120.8000	563.9418
120.8500	513.1896
120.9000	524.5899
120.9500	507.6087
121.0000	599.1395
121.0500	567.6455
121.1000	531.2063
121.1500	546.5510
121.2000	529.1816
121.2500	556.8406
121.3000	524.3053
121.3500	515.8957
121.4000	511.3125
121.4500	551.9948
121.5000	541.1875
121.5500	549.6653
121.6000	565.7559
121.6500	561.4610
121.7000	519.2837
121.7500	468.5682
121.8000	522.3372
121.8500	527.6832
121.9000	557.9636
121.9500	516.2785
122.0000	538.0408
122.0500	546.6154
122.1000	523.9934
122.1500	522.8643
122.2000	543.9267
122.2500	493.7609
122.3000	520.7322
122.3500	539.3720
122.4000	505.2233
122.4500	512.5302
122.5000	532.8847
122.5500	504.1320
122.6000	549.9834
122.6500	524.8253
122.7000	541.2924
122.7500	569.5330
122.8000	499.3277
122.8500	521.5198
122.9000	539.0025
122.9500	563.2386
123.0000	537.4127
123.0500	497.4923
123.1000	531.4821
123.1500	500.8094
123.2000	572.9485
123.2500	554.0741
123.3000	536.6456
123.3500	568.2057
123.4000	484.0258
123.4500	541.5890
123.5000	484.2674
123.5500	521.7452
123.6000	541.4917
123.6500	549.2488
123.7000	570.7961
123.7500	583.2784
123.8000	577.6878
123.8500	521.4159
123.9000	513.5457
123.9500	555.4456
124.0000	516.9616
124.0500	535.7276
124.1000	547.8416
124.1500	542.3827
124.2000	546.0276
124.2500	552.7853
124.3000	536.9542
124.3500	538.3589
124.4000	532.6646
124.4500	514.9762
124.5000	545.7484
124.5500	517.8797
124.6000	522.3047
124.6500	533.7183
124.7000	510.4511
124.7500	538.7257
124.8000	514.1257
124.8500	519.7958
124.9000	517.2991
124.9500	514.1140
125.0000	519.5653
125.0500	548.2962
125.1000	545.1162
125.1500	502.3110
125.2000	554.6287
125.2500	493.7232
125.3000	560.4008
125.3500	513.7241
125.4000	496.0220
125.4500	529.9774
125.5000	596.9042
125.5500	531.6945
125.6000	530.3373
125.6500	502.0309
125.7000	546.0280
125.7500	526.2954
125.8000	529.4787
125.8500	545.6559
125.9000	549.3212
125.9500	567.3481
126.0000	537.8814
126.0500	512.0957
126.1000	529.3028
126.1500	525.6006
126.2000	572.3553
126.2500	532.6158
126.3000	492.1498
126.3500	566.9045
126.4000	551.1942
126.4500	557.9633
126.5000	513.1429
126.5500	482.7792
126.6000	554.1112
126.6500	501.6922
126.7000	548.3610
126.7500	522.9637
126.8000	498.7953
126.8500	514.2646
126.9000	506.3706
126.9500	526.8846
127.0000	471.7481
127.0500	535.2764
127.1000	554.9251
127.1500	534.5618
127.2000	491.4767
127.2500	511.4438
127.3000	513.1096
127.3500	540.5301
127.4000	564.4290
127.4500	527.9020
127.5000	558.8119
127.5500	505.4236
127.6000	518.8296
127.6500	509.7774
127.7000	526.5149
127.7500	550.8921
127.8000	507.6590
127.8500	522.3282
127.9000	543.6174
127.9500	526.5965
128.0000	519.4315
128.0500	511.2925
128.1000	529.1414
128.1500	551.1767
128.2000	550.6977
128.2500	539.4744
128.3000	531.3437
128.3500	510.4209
128.4000	553.9440
128.4500	533.1582
128.5000	516.2060
128.5500	529.2529
128.6000	482.0732
128.6500	564.2118
128.7000	534.4676
128.7500	570.1798
128.8000	547.3507
128.8500	551.1828
128.9000	532.0459
128.9500	530.2270
129.0000	515.1644
129.0500	502.2623
129.1000	506.4650
129.1500	508.2875
129.2000	519.8036
129.2500	563.3523
129.3000	556.1331
129.3500	506.3525
129.4000	516.6104
129.4500	502.9829
129.5000	560.5335
129.5500	486.0459
129.6000	534.9473
129.6500	524.9229
129.7000	491.6445
129.7500	524.9215
129.8000	492.0578
129.8500	514.8249
129.9000	494.7676
129.9500	508.8291
130.0000	486.4201
130.0500	494.4851
130.1000	530.8510
130.1500	540.1185
130.2000	551.5071
130.2500	502.5880
130.3000	504.4473
130.3500	543.6940
130.4000	505.6916
130.4500	542.0375
130.5000	548.7423
130.5500	539.7678
130.6000	470.3794
130.6500	525.8571
130.7000	558.0070
130.7500	582.4628
130.8000	481.8125
130.8500	511.9041
130.9000	534.8993
130.9500	516.7760
131.0000	565.3328
131.0500	457.7235
131.1000	527.8208
131.1500	548.3788
131.2000	496.8184
131.2500	493.2466
131.3000	561.9655
131.3500	526.1405
131.4000	544.4761
131.4500	501.5139
131.5000	543.8711
131.5500	562.6603
131.6000	493.7711
131.6500	488.9948
131.7000	516.6545
131.7500	491.0973
131.8000	539.1839
131.8500	500.8968
131.9000	534.4059
131.9500	497.9305
132.0000	552.8088
132.0500	537.9968
132.1000	555.6046
132.1500	519.8895
132.2000	523.7785
132.2500	533.3186
132.3000	534.6764
132.3500	498.0305
132.4000	562.0166
132.4500	510.2058
132.5000	544.9054
132.5500	560.1387
132.6000	559.6330
132.6500	595.9240
132.7000	551.9743
132.7500	513.8557
132.8000	482.6212
132.8500	485.2082
132.9000	541.0025
132.9500	556.2533
133.0000	545.9128
133.0500	541.2042
133.1000	473.9175
133.1500	548.4207
133.2000	495.8011
133.2500	486.6507
133.3000	556.5115
133.3500	525.8298
133.4000	489.2914
133.4500	499.7012
133.5000	554.4105
133.5500	532.4524
133.6000	576.8405
133.6500	547.0396
133.7000	575.8386
133.7500	538.1385
133.8000	506.0865
133.8500	572.0500
133.9000	510.8517
133.9500	515.4186
134.0000	570.7395
134.0500	542.7298
134.1000	576.5076
134.1500	544.4475
134.2000	548.6211
134.2500	584.9973
134.3000	604.4906
134.3500	601.0967
134.4000	603.4069
134.4500	597.6465
134.5000	654.1451
134.5500	645.9267
134.6000	660.7756
134.6500	706.1434
134.7000	722.8745
134.7500	769.3938
134.8000	879.7341
134.8500	899.5474
134.9000	983.3671
134.9500	1051.9236
135.0000	1084.9800
135.0500	1206.8921
135.1000	1293.2495
135.1500	1427.4101
135.2000	1576.1135
135.2500	1645.8305
135.3000	1862.7437
135.3500	1989.2253
135.4000	2188.2171
135.4500	2371.0169
135.5000	2557.9040
135.5500	2797.6801
135.6000	3058.0447
135.6500	3296.7062
135.7000	3508.2039
135.7500	3713.3603
135.8000	4007.3248
135.8500	4281.8497
135.9000	4502.2787
135.9500	4793.1648
136.0000	5049.1928
136.0500	5283.9568
136.1000	5499.6245
136.1500	5743.5108
136.2000	5938.7330
136.2500	6125.3732
136.3000	6302.9058
136.3500	6418.5759
136.4000	6615.8335
136.4500	6666.7354
136.5000	6736.7671
136.5500	6812.1484
136.6000	6835.7891
136.6500	6811.3712
136.7000	6767.3314
136.7500	6686.8011
136.8000	6551.3191
136.8500	6486.1497
136.9000	6288.5369
136.9500	6147.0106
137.0000	5966.7700
137.0500	5756.4262
137.1000	5519.9735
137.1500	5299.5842
137.2000	5048.8615
137.2500	4776.8703
137.3000	4465.3314
137.3500	4283.1511
137.4000	4023.3386
137.4500	3707.0907
137.5000	3496.7555
137.5500	3294.3764
137.6000	3033.3319
137.6500	2792.5130
137.7000	2638.1102
137.7500	2365.5866
137.8000	2147.4915
137.8500	1982.2119
137.9000	1820.9492
137.9500	1711.9279
138.0000	1533.7425
138.0500	1443.1822
138.1000	1348.4983
138.1500	1182.1425
138.2000	1132.2987
138.2500	1036.3974
138.3000	944.3961
138.3500	954.3395
138.4000	803.4194
138.4500	801.3082
138.5000	750.2602
138.5500	687.9121
138.6000	649.6238
138.6500	625.6557
138.7000	638.3520
138.7500	632.6692
138.8000	614.2607
138.8500	574.5252
138.9000	530.8923
138.9500	562.7720
139.0000	591.3955
139.0500	530.3266
139.1000	562.5162
139.1500	520.3069
139.2000	540.1440
139.2500	520.6850
139.3000	548.0007
139.3500	554.0358
139.4000	501.0107
139.4500	511.5691
139.5000	523.2267
139.5500	505.0083
139.6000	508.2525
139.6500	539.4228
139.7000	570.5514
139.7500	518.5526
139.8000	529.8776
139.8500	488.5790
139.9000	548.2922
139.9500	544.2017
140.0000	546.4744
140.0500	534.0918
140.1000	546.3438
140.1500	512.1125
140.2000	520.0410
140.2500	505.5392
140.3000	517.9459
140.3500	544.8803
140.4000	527.3455
140.4500	571.7158
140.5000	514.0499
140.5500	475.4163
140.6000	512.7640
140.6500	551.2455
140.7000	509.2610
140.7500	552.3097
140.8000	526.5589
140.8500	527.6903
140.9000	494.2401
140.9500	547.9052
141.0000	559.6963
141.0500	531.7448
141.1000	512.5481
141.1500	556.6130
141.2000	551.9165
141.2500	536.6420
141.3000	542.5069
141.3500	500.4790
141.4000	508.6461
141.4500	495.2968
141.5000	561.2081
141.5500	504.6155
141.6000	510.1792
141.6500	543.9554
141.7000	508.9952
141.7500	506.7945
141.8000	526.8296
141.8500	519.2668
141.9000	543.4863
141.9500	505.8217
142.0000	535.1422
142.0500	548.0814
142.1000	548.7727
142.1500	507.8964
142.2000	558.8224
142.2500	495.2075
142.3000	501.3049
142.3500	465.7550
142.4000	522.5420
142.4500	471.5228
142.5000	537.7116
142.5500	583.3675
142.6000	509.1109
142.6500	532.1327
142.7000	475.5673
142.7500	503.0413
142.8000	536.1149
142.8500	545.5821
142.9000	506.2535
142.9500	511.6555
143.0000	571.7754
143.0500	517.3173
143.1000	520.1631
143.1500	531.6114
143.2000	554.3780
143.2500	575.8498
143.3000	490.5644
143.3500	564.1421
143.4000	578.8878
143.4500	501.4685
143.5000	556.5536
143.5500	536.7977
143.6000	501.9077
143.6500	587.9893
143.7000	475.7703
143.7500	513.5804
143.8000	488.7888
143.8500	529.4474
143.9000	527.1293
143.9500	520.7250
144.0000	544.8388
144.0500	569.4586
144.1000	523.4478
144.1500	492.1993
144.2000	493.4316
144.2500	502.0895
144.3000	502.0170
144.3500	607.4385
144.4000	557.5723
144.4500	518.5836
144.5000	533.1857
144.5500	510.9079
144.6000	560.7297
144.6500	536.7535
144.7000	541.8353
144.7500	483.5655
144.8000	471.3631
144.8500	488.3828
144.9000	553.7078
144.9500	559.4302
145.0000	531.2920
145.0500	504.1771
145.1000	558.5405
145.1500	542.8993
145.2000	478.6356
145.2500	528.3977
145.3000	575.3242
145.3500	517.6931
145.4000	524.0241
145.4500	515.3943
145.5000	517.2819
145.5500	561.7705
145.6000	545.4546
145.6500	445.3224
145.7000	558.1873
145.7500	522.3416
145.8000	489.1853
145.8500	498.6994
145.9000	513.1321
145.9500	511.5530
146.0000	578.6718
146.0500	546.8425
146.1000	499.5929
146.1500	521.4051
146.2000	522.1428
146.2500	537.7952
146.3000	558.3087
146.3500	546.1092
146.4000	488.4557
146.4500	512.1868
146.5000	558.1099
146.5500	500.5111
146.6000	505.9350
146.6500	555.8282
146.7000	553.5644
146.7500	549.4993
146.8000	557.1559
146.8500	553.6840
146.9000	477.1293
146.9500	509.6890
147.0000	497.8564
147.0500	490.8937
147.1000	586.4317
147.1500	526.3135
147.2000	553.5722
147.2500	547.4098
147.3000	488.9486
147.3500	536.1885
147.4000	584.8259
147.4500	511.3884
147.5000	547.9422
147.5500	526.7703
147.6000	486.2948
147.6500	518.5206
147.7000	513.0212
147.7500	500.1923
147.8000	497.5603
147.8500	497.7396
147.9000	508.8965
147.9500	509.9179
148.0000	517.7566
148.0500	496.3347
148.1000	504.9881
148.1500	510.0064
148.2000	518.5557
148.2500	502.4772
148.3000	480.5633
148.3500	499.4970
148.4000	493.3318
148.4500	537.2470
148.5000	515.6403
148.5500	514.7086
148.6000	514.7601
148.6500	548.5623
148.7000	529.1796
148.7500	497.3732
148.8000	483.4833
148.8500	508.6254
148.9000	553.5122
148.9500	513.4187
149.0000	493.4760
149.0500	548.9359
149.1000	533.9205
149.1500	486.4230
149.2000	516.6865
149.2500	477.4010
149.3000	543.5742
149.3500	540.7637
149.4000	497.5836
149.4500	549.3530
149.5000	499.4551
149.5500	594.2983
149.6000	495.5308
149.6500	537.2634
149.7000	482.6325
149.7500	520.5296
149.8000	559.1855
149.8500	525.8665
149.9000	519.4809
149.9500	511.9747
150.0000	521.2228
150.0500	543.0048
150.1000	481.9058
150.1500	488.5225
150.2000	537.9686
150.2500	511.4193
150.3000	539.6652
150.3500	514.9453
150.4000	484.3297
150.4500	473.4763
150.5000	529.0615
150.5500	511.5595
150.6000	547.0734
150.6500	456.0375
150.7000	494.0004
150.7500	519.7774
150.8000	499.5947
150.8500	440.0685
150.9000	525.1409
150.9500	518.6605
151.0000	503.5321
151.0500	497.1311
151.1000	546.0392
151.1500	506.9243
151.2000	521.1060
151.2500	510.0657
151.3000	548.6281
151.3500	514.6796
151.4000	484.9843
151.4500	478.3717
151.5000	500.3615
151.5500	533.9418
151.6000	556.9695
151.6500	506.6494
151.7000	554.7412
151.7500	506.8941
151.8000	514.4417
151.8500	575.0562
151.9000	535.4556
151.9500	494.1184
152.0000	504.7042
152.0500	516.4987
152.1000	471.4453
152.1500	549.0334
152.2000	469.6862
152.2500	488.1528
152.3000	459.0317
152.3500	508.1131
152.4000	523.3796
152.4500	547.3519
152.5000	490.1342
152.5500	505.3758
152.6000	509.6416
152.6500	551.4393
152.7000	540.2789
152.7500	502.7667
152.8000	556.8135
152.8500	516.0555
152.9000	528.1909
152.9500	554.2642
153.0000	508.0399
153.0500	564.1610
153.1000	537.6864
153.1500	566.0749
153.2000	623.6714
153.2500	626.6170
153.3000	660.1990
153.3500	717.0349
153.4000	731.0388
153.4500	783.5573
153.5000	837.5383
153.5500	932.5873
153.6000	964.7644
153.6500	1146.4598
153.7000	1211.3522
153.7500	1357.0118
153.8000	1477.7419
153.8500	1656.8801
153.9000	1808.3138
153.9500	1974.6149
154.0000	2167.0578
154.0500	2376.3193
154.1000	2616.9184
154.1500	2868.0828
154.2000	3057.8848
154.2500	3312.7466
154.3000	3533.5930
154.3500	3815.9619
154.4000	4038.2964
154.4500	4288.1216
154.5000	4535.6542
154.5500	4728.1022
154.6000	4929.5670
154.6500	5065.6506
154.7000	5200.6909
154.7500	5335.9832
154.8000	5422.1272
154.8500	5456.9596
154.9000	5491.3478
154.9500	5491.2734
155.0000	5417.5270
155.0500	5272.0497
155.1000	5263.6187
155.1500	5104.8834
155.2000	4881.8814
155.2500	4692.2495
155.3000	4485.5535
155.3500	4324.4699
155.4000	4026.2410
155.4500	3845.6830
155.5000	3557.3694
155.5500	3339.1640
155.6000	3084.6319
155.6500	2801.6695
155.7000	2581.9614
155.7500	2376.2680
155.8000	2180.3307
155.8500	1978.7608
155.9000	1785.8358
155.9500	1572.9189
156.0000	1482.9442
156.0500	1352.7556
156.1000	1204.6574
156.1500	1128.8577
156.2000	1009.6896
156.2500	937.1420
156.3000	860.3573
156.3500	800.2937
156.4000	740.4014
156.4500	686.2652
156.5000	638.9166
156.5500	643.8754
156.6000	604.3359
156.6500	580.2323
156.7000	536.3546
156.7500	562.8250
156.8000	552.8028
156.8500	560.7837
156.9000	566.4313
156.9500	527.9230
157.0000	534.0794
157.0500	495.9453
157.1000	491.9618
157.1500	546.0049
157.2000	518.5328
157.2500	471.6255
157.3000	501.9216
157.3500	501.8889
157.4000	532.6781
157.4500	476.8440
157.5000	471.6024
157.5500	499.7367
157.6000	523.2768
157.6500	503.8041
157.7000	510.5459
157.7500	529.5006
157.8000	484.6213
157.8500	513.2367
157.9000	533.5871
157.9500	524.3451
158.0000	505.7939
158.0500	471.4664
158.1000	506.0009
158.1500	508.5802
158.2000	471.5876
158.2500	501.3049
158.3000	487.7146
158.3500	528.1198
158.4000	471.5209
158.4500	518.9805
158.5000	526.2203
158.5500	512.0434
158.6000	452.5128
158.6500	518.4662
158.7000	510.1541
158.7500	537.8088
158.8000	508.5615
158.8500	523.1127
158.9000	537.6999
158.9500	521.4134
159.0000	505.6934
159.0500	480.1900
159.1000	492.3718
159.1500	516.0011
159.2000	459.6656
159.2500	486.7337
159.3000	510.4875
159.3500	521.2150
159.4000	476.2817
159.4500	515.7983
159.5000	509.6204
159.5500	498.4191
159.6000	505.1296
159.6500	495.6836
159.7000	528.4841
159.7500	515.4469
159.8000	524.4216
159.8500	492.0516
159.9000	488.2670
159.9500	501.6016
160.0000	468.6477
160.0500	515.2152
160.1000	489.6868
160.1500	488.8284
160.2000	509.0384
160.2500	537.2080
160.3000	532.1479
160.3500	510.2232
160.4000	483.6481
160.4500	530.4313
160.5000	495.3585
160.5500	518.2778
160.6000	483.8860
160.6500	491.4634
160.7000	545.6762
160.7500	522.6093
160.8000	478.0308
160.8500	494.3313
160.9000	488.5726
160.9500	468.0452
161.0000	519.7700
161.0500	536.2287
161.1000	491.8953
161.1500	512.7796
161.2000	499.1387
161.2500	479.2257
161.3000	497.1230
161.3500	515.1832
161.4000	465.5456
161.4500	516.9613
161.5000	556.3616
161.5500	532.4146
161.6000	483.8711
161.6500	527.3871
161.7000	477.7144
161.7500	527.0182
161.8000	495.2593
161.8500	485.4007
161.9000	475.8523
161.9500	539.2195
162.0000	501.3533
162.0500	539.5740
162.1000	505.7402
162.1500	507.5404
162.2000	506.4676
162.2500	535.5255
162.3000	512.7278
162.3500	525.5406
162.4000	502.3716
162.4500	495.0877
162.5000	491.0225
162.5500	487.6165
162.6000	468.7363
162.6500	486.1803
162.7000	512.8861
162.7500	505.3093
162.8000	525.1972
162.8500	507.0930
162.9000	518.4483
162.9500	516.2932
163.0000	536.3354
163.0500	493.8070
163.1000	529.9798
163.1500	491.0829
163.2000	509.1119
163.2500	603.1550
163.3000	474.5817
163.3500	484.6662
163.4000	482.9872
163.4500	490.5246
163.5000	522.4421
163.5500	522.9446
163.6000	545.1338
163.6500	513.6984
163.7000	486.3642
163.7500	509.6980
163.8000	491.5610
163.8500	522.2809
163.9000	490.4713
163.9500	517.7145
164.0000	531.3317
164.0500	495.0515
164.1000	498.5341
164.1500	488.9979
164.2000	501.9856
164.2500	488.7870
164.3000	518.9559
164.3500	500.7247
164.4000	450.6028
164.4500	475.9282
164.5000	511.0745
164.5500	516.3001
164.6000	512.1572
164.6500	516.1565
164.7000	498.1695
164.7500	501.4712
164.8000	501.8313
164.8500	530.3131
164.9000	520.0661
164.9500	561.9426
165.0000	526.3756
165.0500	534.4425
165.1000	576.2931
165.1500	660.0986
165.2000	628.6941
165.2500	640.5566
165.3000	651.4872
165.3500	721.4897
165.4000	733.9195
165.4500	809.6073
165.5000	850.8888
165.5500	854.3587
165.6000	984.9750
165.6500	1100.8479
165.7000	1132.2059
165.7500	1257.3819
165.8000	1338.9339
165.8500	1484.0919
165.9000	1596.9387
165.9500	1695.6954
166.0000	1849.1659
166.0500	2031.0729
166.1000	2180.5389
166.1500	2366.0718
166.2000	2553.7376
166.2500	2733.9325
166.3000	2977.1080
166.3500	3131.1957
166.4000	3336.9440
166.4500	3544.8084
166.5000	3682.8862
166.5500	3918.1816
166.6000	4112.2939
166.6500	4236.8227
166.7000	4398.1238
166.7500	4552.4563
166.8000	4699.0759
166.8500	4772.9198
166.9000	4819.4637
166.9500	4883.0366
167.0000	4930.2634
167.0500	4966.9434
167.1000	4942.6232
167.1500	4902.4090
167.2000	4780.7849
167.2500	4749.0212
167.3000	4621.2826
167.3500	4537.1276
167.4000	4382.0154
167.4500	4258.1884
167.5000	4060.2091
167.5500	3930.3083
167.6000	3714.4848
167.6500	3529.0975
167.7000	3318.5964
167.7500	3121.6266
167.8000	2872.9275
167.8500	2713.9334
167.9000	2588.5372
167.9500	2366.2514
168.0000	2170.7266
168.0500	2031.6172
168.1000	1826.7177
168.1500	1745.0989
168.2000	1572.1912
168.2500	1503.4709
168.3000	1396.5616
168.3500	1236.4983
168.4000	1153.9262
168.4500	1065.0657
168.5000	959.1155
168.5500	885.8142
168.6000	844.3060
168.6500	771.7267
168.7000	770.2303
168.7500	688.2064
168.8000	693.1846
168.8500	654.1842
168.9000	635.6073
168.9500	546.4099
169.0000	571.9814
169.0500	551.6775
169.1000	575.0443
169.1500	565.0776
169.2000	546.7491
169.2500	532.0647
169.3000	509.5280
169.3500	551.4864
169.4000	491.7890
169.4500	488.8073
169.5000	483.4952
169.5500	507.8937
169.6000	462.8027
169.6500	472.0207
169.7000	436.9445
169.7500	495.8620
169.8000	514.2498
169.8500	477.5350
169.9000	500.3978
169.9500	470.8977
170.0000	535.9920
170.0500	479.2440
170.1000	495.4593
170.1500	493.4862
170.2000	464.2354
170.2500	481.8243
170.3000	491.8362
170.3500	507.5011
170.4000	442.7920
170.4500	460.7948
170.5000	532.1725
170.5500	535.3358
170.6000	510.4199
170.6500	497.1953
170.7000	530.3047
170.7500	493.6194
170.8000	448.6438
170.8500	481.2649
170.9000	491.6272
170.9500	485.1822
171.0000	539.2873
171.0500	545.9748
171.1000	569.1025
171.1500	585.3852
171.2000	576.4404
171.2500	606.3945
171.3000	594.6898
171.3500	575.0001
171.4000	630.1107
171.4500	637.8523
171.5000	653.9810
171.5500	711.6932
171.6000	773.3807
171.6500	817.7363
171.7000	875.5680
171.7500	917.0687
171.8000	1037.1068
171.8500	1027.4592
171.9000	1189.0762
171.9500	1256.7721
172.0000	1337.2887
172.0500	1481.2001
172.1000	1606.8022
172.1500	1763.3093
172.2000	1897.6901
172.2500	2073.7892
172.3000	2224.7697
172.3500	2406.1120
172.4000	2631.7867
172.4500	2835.9612
172.5000	3061.0832
172.5500	3307.3114
172.6000	3555.1675
172.6500	3821.5697
172.7000	4092.0855
172.7500	4334.1196
172.8000	4600.1985
172.8500	4864.2312
172.9000	5130.8827
172.9500	5434.0951
173.0000	5713.1514
173.0500	5989.5196
173.1000	6224.3843
173.1500	6469.9287
173.2000	6673.6283
173.2500	7002.9624
173.3000	7124.6004
173.3500	7377.1260
173.4000	7551.5645
173.4500	7676.8628
173.5000	7785.5687
173.5500	7851.0568
173.6000	7927.7254
173.6500	7990.4711
173.7000	8008.8063
173.7500	8001.4357
173.8000	7939.5371
173.8500	7837.4618
173.9000	7756.2563
173.9500	7637.0838
174.0000	7501.5723
174.0500	7332.2054
174.1000	7146.2815
174.1500	6956.7592
174.2000	6715.0066
174.2500	6509.0337
174.3000	6243.5242
174.3500	6017.4951
174.4000	5740.6418
174.4500	5409.6843
174.5000	5115.5889
174.5500	4869.4908
174.6000	4568.3873
174.6500	4254.0615
174.7000	4069.2979
174.7500	3759.4742
174.8000	3520.3178
174.8500	3268.9820
174.9000	3043.2327
174.9500	2832.3764
175.0000	2631.4414
175.0500	2391.2947
175.1000	2208.1722
175.1500	2048.8274
175.2000	1892.9573
175.2500	1757.6176
175.3000	1618.9421
175.3500	1492.7880
175.4000	1353.0216
175.4500	1234.8795
175.5000	1176.4940
175.5500	1086.1327
175.6000	991.4875
175.6500	904.4322
175.7000	868.1518
175.7500	767.9430
175.8000	762.6366
175.8500	726.6916
175.9000	713.1520
175.9500	722.1291
176.0000	601.6926
176.0500	587.0952
176.1000	568.5718
176.1500	593.5973
176.2000	549.9671
176.2500	559.5828
176.3000	497.5767
176.3500	490.3156
176.4000	531.7975
176.4500	496.5097
176.5000	528.0815
176.5500	482.2612
176.6000	518.7937
176.6500	494.2632
176.7000	546.3953
176.7500	522.5422
176.8000	495.9027
176.8500	465.4625
176.9000	438.8337
176.9500	461.7177
177.0000	435.4773
177.0500	496.3513
177.1000	464.4624
177.1500	466.8275
177.2000	462.1913
177.2500	473.9162
177.3000	491.0895
177.3500	477.9256
177.4000	496.6858
177.4500	459.1512
177.5000	508.0919
177.5500	468.8863
177.6000	501.1937
177.6500	468.1561
177.7000	489.7829
177.7500	473.7669
177.8000	502.5922
177.8500	450.4993
177.9000	540.8025
177.9500	449.7231
178.0000	480.0328
178.0500	498.3463
178.1000	477.3298
178.1500	472.4140
178.2000	515.0484
178.2500	492.6397
178.3000	461.4810
178.3500	414.9437
178.4000	480.5086
178.4500	489.4910
178.5000	493.2225
178.5500	482.1374
178.6000	480.4647
178.6500	488.4092
178.7000	469.2728
178.7500	434.6293
178.8000	468.6111
178.8500	493.8871
178.9000	482.6782
178.9500	455.0951
179.0000	439.6450
179.0500	519.5882
179.1000	512.1418
179.1500	464.3495
179.2000	460.1615
179.2500	492.8986
179.3000	479.8769
179.3500	455.6980
179.4000	462.1046
179.4500	445.9884
179.5000	493.3225
179.5500	497.4211
179.6000	496.9353
179.6500	479.9749
179.7000	522.0388
179.7500	477.3704
179.8000	483.5895
179.8500	465.9102
179.9000	440.3546
179.9500	490.3137
180.0000	449.6693
180.0500	473.9395
180.1000	443.6865
180.1500	470.8822
180.2000	496.6243
180.2500	522.6982
180.3000	453.3832
180.3500	411.9052
180.4000	488.9648
180.4500	452.1034
180.5000	455.5010
180.5500	487.5430
180.6000	534.8381
180.6500	457.2057
180.7000	450.9188
180.7500	465.5961
180.8000	477.0494
180.8500	445.2656
180.9000	499.4382
180.9500	513.9712
181.0000	485.9087
181.0500	446.7548
181.1000	458.7145
181.1500	499.0389
181.2000	477.9348
181.2500	459.3092
181.3000	483.1152
181.3500	489.1232
181.4000	483.9510
181.4500	450.7935
181.5000	486.6958
181.5500	486.7243
181.6000	477.3575
181.6500	469.8004
181.7000	451.2157
181.7500	456.7062
181.8000	463.3068
181.8500	436.4880
181.9000	409.4010
181.9500	459.0281
182.0000	460.9893
182.0500	452.3152
182.1000	480.8757
182.1500	442.1829
182.2000	488.7869
182.2500	458.4889
182.3000	479.9586
182.3500	492.6738
182.4000	451.1153
182.4500	502.5116
182.5000	458.7075
182.5500	464.1756
182.6000	482.5407
182.6500	481.4202
182.7000	528.0900
182.7500	459.7622
182.8000	473.7949
182.8500	458.9410
182.9000	500.3373
182.9500	518.5200
183.0000	497.2082
183.0500	458.2532
183.1000	440.4268
183.1500	444.9853
183.2000	501.6624
183.2500	456.2380
183.3000	436.6896
183.3500	473.6899
183.4000	479.7630
183.4500	507.4875
183.5000	515.4282
183.5500	466.9422
183.6000	518.5543
183.6500	479.4193
183.7000	523.8132
183.7500	464.7602
183.8000	439.0193
183.8500	490.5275
183.9000	468.5913
183.9500	440.2026
184.0000	436.9667
184.0500	519.9897
184.1000	461.3895
184.1500	504.0007
184.2000	485.2841
184.2500	544.1837
184.3000	494.6236
184.3500	472.4509
184.4000	484.7882
184.4500	557.2744
184.5000	574.0087
184.5500	557.9971
184.6000	596.3480
184.6500	609.9529
184.7000	644.9538
184.7500	685.7138
184.8000	685.2202
184.8500	748.1611
184.9000	785.2018
184.9500	859.2503
185.0000	864.8109
185.0500	939.3399
185.1000	1059.2616
185.1500	1157.8061
185.2000	1222.8937
185.2500	1303.2068
185.3000	1453.0256
185.3500	1526.6812
185.4000	1640.4178
185.4500	1784.5038
185.5000	1960.6013
185.5500	2072.6943
185.6000	2277.3293
185.6500	2428.3231
185.7000	2621.0723
185.7500	2790.8301
185.8000	2977.0406
185.8500	3232.4082
185.9000	3435.2959
185.9500	3604.8633
186.0000	3797.5719
186.0500	4057.8116
186.1000	4269.0215
186.1500	4430.5787
186.2000	4669.6390
186.2500	4861.0250
186.3000	4986.9280
186.3500	5168.7787
186.4000	5264.2979
186.4500	5491.7266
186.5000	5560.9078
186.5500	5636.9118
186.6000	5739.3974
186.6500	5804.8133
186.7000	5772.6133
186.7500	5820.9502
186.8000	5824.9212
186.8500	5793.8214
186.9000	5744.9232
186.9500	5659.7840
187.0000	5578.2065
187.0500	5435.3716
187.1000	5332.5684
187.1500	5135.7727
187.2000	4987.8246
187.2500	4860.0083
187.3000	4617.7540
187.3500	4447.2539
187.4000	4184.0614
187.4500	4044.0950
187.5000	3849.4669
187.5500	3637.9458
187.6000	3435.4902
187.6500	3227.8452
187.7000	3018.5715
187.7500	2846.1641
187.8000	2641.6227
187.8500	2418.4814
187.9000	2259.2555
187.9500	2096.4313
188.0000	1885.2679
188.0500	1804.5335
188.1000	1627.3671
188.1500	1545.9383
188.2000	1380.6497
188.2500	1306.3459
188.3000	1190.5167
188.3500	1066.4482
188.4000	1018.2156
188.4500	957.2811
188.5000	865.1144
188.5500	852.4065
188.6000	796.2657
188.6500	743.8920
188.7000	699.9360
188.7500	677.1907
188.8000	625.8341
188.8500	606.0563
188.9000	613.7057
188.9500	563.0287
189.0000	546.6993
189.0500	540.8880
189.1000	513.5150
189.1500	508.9054
189.2000	478.9395
189.2500	479.4203
189.3000	505.9587
189.3500	465.7255
189.4000	487.6821
189.4500	448.3951
189.5000	480.1873
189.5500	487.2015
189.6000	454.4071
189.6500	466.9514
189.7000	480.0593
189.7500	467.7930
189.8000	475.0168
189.8500	481.8533
189.9000	445.9720
189.9500	512.6584
190.0000	465.8295
190.0500	504.3271
190.1000	471.9097
190.1500	505.0426
190.2000	491.2665
190.2500	470.9341
190.3000	497.3305
190.3500	450.4416
190.4000	479.2287
190.4500	487.0010
190.5000	507.5193
190.5500	494.0370
190.6000	450.2988
190.6500	482.3771
190.7000	469.6753
190.7500	465.0929
190.8000	491.2737
190.8500	428.7586
190.9000	460.3178
190.9500	408.9437
191.0000	436.5408
191.0500	482.3610
191.1000	490.0473
191.1500	468.8697
191.2000	440.0723
191.2500	449.0726
191.3000	446.9900
191.3500	480.9100
191.4000	471.3905
191.4500	452.0490
191.5000	461.8471
191.5500	465.0071
191.6000	468.2579
191.6500	465.4681
191.7000	436.1167
191.7500	475.4017
191.8000	503.5921
191.8500	439.6641
191.9000	449.0467
191.9500	426.5191
192.0000	432.6187
192.0500	471.4870
192.1000	459.2515
192.1500	484.9228
192.2000	450.2652
192.2500	448.4841
192.3000	470.9622
192.3500	508.1048
192.4000	433.1402
192.4500	478.9466
192.5000	480.1178
192.5500	494.1359
192.6000	524.7201
192.6500	459.0097
192.7000	505.1826
192.7500	495.8714
192.8000	435.9352
192.8500	450.2989
192.9000	512.1945
192.9500	464.8707
193.0000	482.0550
193.0500	494.4185
193.1000	484.7962
193.1500	495.1588
193.2000	480.9501
193.2500	434.5369
193.3000	430.6192
193.3500	475.7229
193.4000	480.3846
193.4500	481.0839
193.5000	486.5232
193.5500	487.4697
193.6000	448.1944
193.6500	490.0100
193.7000	459.7758
193.7500	463.5812
193.8000	429.4271
193.8500	440.0474
193.9000	451.5763
193.9500	501.3396
194.0000	469.2309
194.0500	462.7517
194.1000	492.9967
194.1500	482.2707
194.2000	478.7075
194.2500	465.8269
194.3000	476.8781
194.3500	462.1412
194.4000	444.5808
194.4500	412.4299
194.5000	489.8573
194.5500	510.5039
194.6000	458.6253
194.6500	468.6764
194.7000	449.4177
194.7500	404.2836
194.8000	446.8352
194.8500	399.0583
194.9000	450.8613
194.9500	498.0783
195.0000	463.9000
195.0500	485.1718
195.1000	455.7073
195.1500	453.7572
195.2000	452.0815
195.2500	504.4174
195.3000	490.9539
195.3500	403.1755
195.4000	520.9006
195.4500	475.2513
195.5000	499.4092
195.5500	447.8042
195.6000	465.0049
195.6500	485.5574
195.7000	438.3751
195.7500	422.2694
195.8000	498.8046
195.8500	464.5961
195.9000	429.5197
195.9500	463.1479
196.0000	464.6402
196.0500	460.1275
196.1000	493.8544
196.1500	498.5631
196.2000	542.4031
196.2500	457.4272
196.3000	423.7046
196.3500	477.2049
196.4000	482.7109
196.4500	513.1712
196.5000	525.9503
196.5500	464.8769
196.6000	466.7704
196.6500	491.2952
196.7000	504.3035
196.7500	451.9423
196.8000	474.2140
196.8500	430.0942
196.9000	482.2436
196.9500	509.7354
197.0000	492.0575
197.0500	490.4064
197.1000	470.6812
197.1500	469.3146
197.2000	481.3030
197.2500	465.7119
197.3000	506.4670
197.3500	484.4846
197.4000	484.6289
197.4500	488.1160
197.5000	469.7048
197.5500	432.8561
197.6000	518.8789
197.6500	483.6715
197.7000	468.6358
197.7500	440.9384
197.8000	445.1799
197.8500	481.3740
197.9000	496.1830
197.9500	505.3400
198.0000	457.0637
198.0500	464.6592
198.1000	526.1396
198.1500	488.6357
198.2000	464.7636
198.2500	449.9018
198.3000	422.7380
198.3500	455.4175
198.4000	459.6695
198.4500	451.7574
198.5000	474.6223
198.5500	497.3907
198.6000	447.2741
198.6500	449.3145
198.7000	476.7425
198.7500	476.9130
198.8000	447.7462
198.8500	466.2576
198.9000	474.8284
198.9500	448.2569
199.0000	471.7769
199.0500	489.0748
199.1000	455.7270
199.1500	458.9101
199.2000	454.1916
199.2500	496.8661
199.3000	436.0105
199.3500	520.3489
199.4000	442.0496
199.4500	464.9023
199.5000	475.7788
199.5500	497.5714
199.6000	513.0233
199.6500	473.2420
199.7000	465.2665
199.7500	499.8035
199.8000	454.7120
199.8500	437.2513
199.9000	473.4049
199.9500	507.4531
